1.000000000000000000e+00 9.431142011269133540e-02 1.086838493459125199e-01 6.250053688728350598e-02 -7.060751331045200807e-02 5.097914374320625108e-02 3.659247549602333005e-01 9.763688611576236409e-02 1.338464474427086548e-01 -3.438021988784267444e-03 6.402300333715932323e-02 1.728758445583892245e-01 7.948762008070971163e-02 1.682424349342042658e-01 5.064976309261442523e-03 1.910037590804399277e-01 1.632576744907744681e-01 1.575597136311887581e-01 1.352175527245980391e-01 1.487660549722604197e-01 1.654474081837119526e-01 8.192747888287782443e-02 1.587920606455577727e-02 1.307762530271902590e-01 1.254316761919151979e-01 -4.910503005274901439e-02 2.380193154119998877e-01 -9.496037620532690043e-03 1.340597707234951197e-01 4.206433067997052133e-02 1.815737564438319462e-01 1.177946730536375552e-01 1.384288534065777621e-01 -4.493147643267079300e-02 3.042433438261069600e-01 1.888857750832159677e-01 -5.628307994611578269e-02 -1.177940535520549843e-02 1.432058221909300322e-01 -4.888142308955949894e-02
9.431142011269133540e-02 1.000000000000000000e+00 -1.073731845891049835e-01 1.302704227818842486e-01 -3.900082162675398006e-02 -5.412445455353406820e-02 -3.230317405772673012e-02 5.696955287275311253e-03 9.301473070530626164e-02 3.269929725714603580e-02 -2.490173100562964592e-02 5.718771568800413291e-02 3.611251883321424383e-02 -3.085565639514738570e-02 1.126666923412459054e-01 2.898168453557915455e-02 1.176256499771687752e-01 1.165728597171469677e-01 1.394909043910947943e-01 1.047879513244369537e-01 -4.654327502969674707e-02 1.879262919233788964e-01 -1.037053324348922029e-01 -8.433676195559350330e-02 9.926327110946285559e-03 -2.351652634501408962e-02 4.436699723868894885e-02 -3.995146311465506278e-02 9.070925190548867478e-02 8.861402557560078830e-02 1.826085325481704436e-01 -3.003121100407443039e-02 2.573425421789703460e-01 1.990740046684565112e-01 5.649151061134919868e-03 -4.617882106500613426e-02 -4.519398519368825889e-02 2.200694051380767263e-02 4.183694703045092583e-02 2.314886263582808731e-02
1.086838493459125199e-01 -1.073731845891049835e-01 1.000000000000000000e+00 1.028094186020961781e-01 1.751630359330675346e-01 -1.035132106444200742e-02 7.046072472371224527e-02 1.731693178889726348e-01 8.461359016735374439e-02 9.440457050248238224e-02 1.866581672420968840e-01 2.581522687869384769e-01 7.281667211644782256e-02 1.739415936531487072e-01 9.290881329119408949e-02 1.518196696404410795e-01 8.783489013383104227e-02 4.421375424758394040e-02 8.811811171367504858e-02 6.076783593348666218e-02 2.077379371207634939e-01 -5.646810563078852319e-02 2.683032466983664710e-01 1.803280808067136698e-01 1.952487400622227587e-01 3.029627956104817554e-02 8.159364311388780933e-02 3.218297586950873146e-02 1.129051526680726475e-01 6.369903219552086604e-02 1.364937256854120706e-01 6.632534307105540650e-02 8.213222705153645775e-02 8.187244660526242501e-02 1.726193889765687550e-01 1.534706693011161638e-01 -1.039730440335854579e-02 -7.484288142458338233e-02 1.745361649923443947e-01 5.014808040370148656e-02
6.250053688728350598e-02 1.302704227818842486e-01 1.028094186020961781e-01 1.000000000000000000e+00 -5.632213325321643732e-02 9.059180937674707335e-02 1.405912005090668160e-01 1.274154172877742797e-01 -6.833436920514264490e-02 5.047884937088353841e-02 5.772136377518079925e-02 1.698112307962554302e-02 5.302918679960019754e-02 -2.169862930005962102e-04 1.303740822541310795e-01 1.814862928111508344e-01 7.959292134700469978e-02 2.153060336446073197e-01 7.227931579145110974e-02 6.592575962740650219e-02 -8.058285024960223919e-02 2.362616095222853929e-01 -1.841069023305412500e-02 -1.421435559079013700e-01 1.981894934694552329e-02 1.365553207201654073e-01 5.615321444868028034e-02 5.650934825152354596e-02 3.209580768479902008e-02 5.077222808641307372e-02 3.572204843551473469e-02 2.827379363797173292e-02 9.387276792814232274e-02 1.733765244684841722e-01 1.222329307276254634e-01 4.164633094364089683e-02 2.491589133150652613e-02 9.469231226989786171e-03 -2.107103288646132097e-02 1.173283179524942793e-01
-7.060751331045200807e-02 -3.900082162675398006e-02 1.751630359330675346e-01 -5.632213325321643732e-02 1.000000000000000000e+00 3.132036529661400698e-02 -6.447492689879052996e-02 5.684486496613911505e-02 4.013010710351897631e-02 -4.423678127611737482e-02 1.084180753067830044e-01 -3.606510412499693702e-02 -3.327634652046243535e-02 -7.843935767657225777e-02 3.673751525091013131e-02 5.912048701894431074e-02 -6.626147806842374796e-04 -2.922318813087717085e-02 5.508300318643239574e-02 8.407560247754662652e-02 6.078187126263221579e-02 -8.976960694150951103e-02 2.762255085369494725e-02 6.305834820128330444e-03 4.623120693713092533e-02 -2.164709374185913929e-02 6.228227462812587628e-02 -1.033503527989257029e-02 1.853049782403134961e-03 4.508773994418623608e-03 -5.593341389226463845e-02 -5.440986489987145562e-03 -1.581616473256939118e-02 1.336123741716352398e-01 -6.717145218541498153e-02 -7.779157548967643998e-02 4.527408777108235527e-02 -1.939054795472101161e-02 1.472913250059923115e-02 5.331020798056641113e-02
5.097914374320625108e-02 -5.412445455353406820e-02 -1.035132106444200742e-02 9.059180937674707335e-02 3.132036529661400698e-02 1.000000000000000000e+00 6.012865924296346976e-02 5.065341815054072439e-02 1.275135694687861143e-01 1.083299306618840940e-01 2.400569025106659427e-02 1.784840464135551141e-01 -6.673142588724115254e-02 1.501906559397643282e-01 1.243296730984338669e-02 2.795995907004929504e-01 -1.353398179364722065e-01 1.845537326496724251e-01 6.131730718553692061e-02 -1.329904921792203487e-01 1.319885525258238379e-01 -4.338674167680175997e-02 6.392452857290256696e-02 9.040222473729950248e-02 3.168561564878550479e-02 1.251405840677925208e-01 5.175892265564884659e-02 8.798675154949467392e-02 5.128727592076839925e-02 2.043066500377794803e-01 -4.540718587244590293e-02 -4.746805158383935949e-03 -6.588019391410258885e-02 -3.490275195278429166e-02 2.069268065674663079e-02 1.199331230534206316e-01 1.173349013023470000e-01 -1.182360597942043734e-01 -2.780333181156763311e-02 3.971831971375696518e-02
3.659247549602333005e-01 -3.230317405772673012e-02 7.046072472371224527e-02 1.405912005090668160e-01 -6.447492689879052996e-02 6.012865924296346976e-02 1.000000000000000000e+00 1.790813330588452712e-01 1.097796228466849933e-01 1.934176439675694970e-01 2.278725705735782925e-01 3.035385597788909373e-01 1.646969547148012247e-01 2.856223542549654604e-01 -1.159558582027343659e-01 1.578258450070819663e-01 2.830529890626117262e-01 1.891772349977240419e-01 2.285405310803097223e-01 4.779631171926838618e-01 2.094012804354097868e-01 1.526704640820252257e-01 1.703919890548276639e-01 1.168594583577662466e-01 3.158121551701178475e-01 8.997080735031146026e-02 3.052817922841933873e-01 -1.268605399996949532e-02 2.985393470736143473e-01 9.126411803930160882e-02 2.571031408798317153e-01 1.725652638774638759e-01 2.012204567101914809e-01 -5.397099100815389017e-02 3.843505909867183656e-01 2.086330508695419528e-01 -1.038782819374572675e-01 1.898596793619100956e-02 1.789423439349980272e-01 1.081935850353406003e-01
9.763688611576236409e-02 5.696955287275311253e-03 1.731693178889726348e-01 1.274154172877742797e-01 5.684486496613911505e-02 5.065341815054072439e-02 1.790813330588452712e-01 1.000000000000000000e+00 -8.765025295688587403e-03 1.184186876356247420e-01 1.823825954383944889e-02 7.828220397767730876e-02 3.044489234225257121e-02 1.230147875100698340e-01 4.202945398381917330e-02 1.045598199630089487e-01 1.435319375952469334e-01 1.422352042018360241e-01 6.825536056316494626e-02 7.852489023303874105e-02 1.534208407570833432e-01 1.228896446736723073e-03 9.671934865809056481e-02 -1.648796562314535849e-02 4.660445810123852589e-02 9.523838004013504555e-02 5.571824730654706403e-02 -2.792411709982387663e-02 8.113745216747149380e-02 6.205327248439650861e-02 3.371150647209925078e-02 1.989456404190553529e-01 1.719672753183892205e-02 -4.692650911563975985e-02 1.960529833340896588e-01 1.195558352346530184e-01 -1.496504278208672829e-02 -1.298378746341071442e-02 7.447300668341901020e-02 1.381792759690572692e-01
1.338464474427086548e-01 9.301473070530626164e-02 8.461359016735374439e-02 -6.833436920514264490e-02 4.013010710351897631e-02 1.275135694687861143e-01 1.097796228466849933e-01 -8.765025295688587403e-03 1.000000000000000000e+00 1.349330747192472868e-01 9.895636614339249626e-02 2.213736680256321032e-01 3.407516116048391747e-02 1.725720963149226239e-01 -1.847515500235152527e-02 2.052337964907766932e-01 9.357395351297667641e-02 1.621768496498068313e-01 2.868785003065912331e-01 8.223489028668491685e-02 1.685017113314042914e-01 6.864385553840152143e-02 1.794332720797163216e-01 6.223932392917080891e-02 1.551668799624111306e-01 1.597875213497297955e-02 6.216588876246000039e-02 2.538404676594683412e-02 1.769592438584645377e-01 1.353998801362633064e-01 2.573419017017544719e-01 7.001188447719527974e-02 1.074811584613154097e-01 -1.425662959824725018e-02 1.867770290722032406e-02 6.212788524698902720e-02 7.820448208631287923e-02 6.549822262601016735e-03 1.400064117467318403e-01 9.665099912760394957e-03
-3.438021988784267444e-03 3.269929725714603580e-02 9.440457050248238224e-02 5.047884937088353841e-02 -4.423678127611737482e-02 1.083299306618840940e-01 1.934176439675694970e-01 1.184186876356247420e-01 1.349330747192472868e-01 1.000000000000000000e+00 1.282876774162225453e-01 3.586048495354264287e-01 1.381245475934688993e-01 2.763449523046420109e-01 -9.381062783941088168e-03 1.688627850602551217e-01 2.202828178755680821e-01 2.089051652441582807e-01 2.317897550631531356e-01 1.574482151884122327e-01 3.549465779356876793e-01 8.280626297598207841e-02 2.326931768062638628e-01 1.554200851424709096e-01 2.168393297673501252e-01 1.316649996554835889e-01 1.202028982813066055e-01 -7.942232043597725888e-02 4.389022754604922083e-01 9.841440241956352086e-02 2.899543226582491640e-01 3.026888743647205074e-02 2.246043188114319189e-01 2.265930767624281528e-02 2.184048666311683429e-01 2.678910071759203412e-02 2.477655508940162371e-02 1.758673370699437299e-02 3.136146506138798307e-01 1.711217209912879733e-01
6.402300333715932323e-02 -2.490173100562964592e-02 1.866581672420968840e-01 5.772136377518079925e-02 1.084180753067830044e-01 2.400569025106659427e-02 2.278725705735782925e-01 1.823825954383944889e-02 9.895636614339249626e-02 1.282876774162225453e-01 1.000000000000000000e+00 2.005113189847177180e-01 4.998605382615846360e-02 1.284764717824535274e-01 7.782695892036303742e-02 1.556516927794652783e-01 1.735560413121113310e-01 1.113377751379517888e-01 2.445465059623789239e-01 2.823529456496497447e-01 8.254439168197506838e-02 -4.246508879066795278e-02 2.054572137550133015e-01 1.568179145729980267e-02 1.775019854749602111e-01 -9.243486661216654757e-03 5.824977226870341890e-02 8.188097257173274079e-02 9.414282295371161069e-02 3.209854666800761314e-02 1.290752777053488509e-01 -4.920952807811045104e-02 1.297216214345869867e-01 5.542034171216939087e-02 1.495350255982574317e-01 3.249542062481088067e-02 1.264836051569973420e-03 -3.870050784735592359e-02 2.083041770429490680e-01 -7.358122649451294753e-03
1.728758445583892245e-01 5.718771568800413291e-02 2.581522687869384769e-01 1.698112307962554302e-02 -3.606510412499693702e-02 1.784840464135551141e-01 3.035385597788909373e-01 7.828220397767730876e-02 2.213736680256321032e-01 3.586048495354264287e-01 2.005113189847177180e-01 1.000000000000000000e+00 1.041148304315637763e-01 1.816672095041222679e-01 9.552845658709345662e-04 1.037318774435265628e-01 2.155266655348545279e-01 1.801458003523483398e-01 2.308326988915304634e-01 1.269494203232525986e-01 2.307704968268922130e-01 -4.696699830045805019e-02 2.851567238812539595e-01 8.236499236182026618e-02 2.367481013241857779e-01 1.433815753293444795e-01 1.517140793084132966e-01 1.617605061556339971e-02 1.970640225527965084e-01 1.566276956447144597e-01 3.083157192350267639e-01 4.605719300199888344e-02 2.383043869364547263e-01 1.000278169032906006e-01 3.001827682213116799e-01 2.734378182368262244e-01 -4.961060487380317824e-02 -2.472460275954778408e-02 2.062617094965428777e-01 4.241854934364448770e-02
7.948762008070971163e-02 3.611251883321424383e-02 7.281667211644782256e-02 5.302918679960019754e-02 -3.327634652046243535e-02 -6.673142588724115254e-02 1.646969547148012247e-01 3.044489234225257121e-02 3.407516116048391747e-02 1.381245475934688993e-01 4.998605382615846360e-02 1.041148304315637763e-01 1.000000000000000000e+00 8.468695148155015728e-02 3.973052156902278503e-02 1.221756050178735009e-01 -1.744743212656929207e-02 5.221731593350845829e-02 2.943519094415805726e-02 1.388973491540582972e-01 5.136188128598610791e-03 9.087428491458109103e-02 6.419432563408800085e-02 3.664315761336486149e-02 4.829056425763595534e-02 1.016952843111793431e-01 5.496000259741261329e-02 1.953344235464857248e-02 1.298329768787639948e-02 -1.403110851540628236e-02 6.971158293280922680e-02 -1.367034627175150183e-03 2.828689542287498096e-02 1.047355056892172454e-01 -1.412611115428352715e-02 3.748198500080351936e-02 2.688494268436144100e-02 6.901424987522677967e-02 7.053907792750530037e-03 7.507570779790784243e-02
1.682424349342042658e-01 -3.085565639514738570e-02 1.739415936531487072e-01 -2.169862930005962102e-04 -7.843935767657225777e-02 1.501906559397643282e-01 2.856223542549654604e-01 1.230147875100698340e-01 1.725720963149226239e-01 2.763449523046420109e-01 1.284764717824535274e-01 1.816672095041222679e-01 8.468695148155015728e-02 1.000000000000000000e+00 -5.598617809327158940e-02 1.539417741903642833e-01 1.345992578427865072e-01 1.033176853941468187e-01 1.441556734461892642e-01 1.958838470146180843e-01 3.450309208825458329e-01 7.309097383713913931e-02 8.356144377733298878e-02 3.595473753240347459e-01 1.659753849738652975e-01 1.052435822008649796e-01 1.503880084164339048e-01 1.608183572630988642e-02 3.649147538634426313e-01 4.042364106651324951e-02 1.326919404480601805e-01 4.171637042058643635e-03 1.207799229161939381e-01 1.661028796731969237e-01 2.577547060146775926e-01 2.040808335515769123e-01 -7.329325207135459208e-02 -1.100911977607015035e-02 2.892405512373321108e-01 3.165212472055149717e-02
5.064976309261442523e-03 1.126666923412459054e-01 9.290881329119408949e-02 1.303740822541310795e-01 3.673751525091013131e-02 1.243296730984338669e-02 -1.159558582027343659e-01 4.202945398381917330e-02 -1.847515500235152527e-02 -9.381062783941088168e-03 7.782695892036303742e-02 9.552845658709345662e-04 3.973052156902278503e-02 -5.598617809327158940e-02 1.000000000000000000e+00 2.399144458619024631e-02 -6.694194657273355720e-02 5.785893540316545264e-02 1.570866093563313970e-02 4.294497919434450695e-02 6.254567797279166064e-02 4.689305587479897230e-02 3.579678243270845162e-02 6.108236450259643679e-02 9.856351183578230049e-03 3.835334877056285896e-02 5.661158999915254231e-02 2.024201573152916572e-02 -2.942092872644625628e-02 -7.655431890349050084e-02 6.310905756013708567e-02 -3.118176928537407661e-02 -9.112652978096008605e-02 1.516250388110974290e-01 -4.179193949396967783e-02 -4.685204965069958427e-02 1.014012224181939509e-01 1.486892873743426158e-01 3.143781773403755541e-03 7.347841652518741218e-02
1.910037590804399277e-01 2.898168453557915455e-02 1.518196696404410795e-01 1.814862928111508344e-01 5.912048701894431074e-02 2.795995907004929504e-01 1.578258450070819663e-01 1.045598199630089487e-01 2.052337964907766932e-01 1.688627850602551217e-01 1.556516927794652783e-01 1.037318774435265628e-01 1.221756050178735009e-01 1.539417741903642833e-01 2.399144458619024631e-02 1.000000000000000000e+00 1.540483065810489827e-01 2.012461023266459981e-01 1.753285895717697773e-01 2.125010729745177226e-02 2.522307049046923488e-01 5.735708826927422149e-02 1.629664057093595519e-01 1.319986885554067513e-01 1.494464365423859853e-01 8.364200740367001841e-02 4.750194999740413315e-02 7.712342919325100576e-02 1.811610473287545153e-01 2.530356317242284381e-01 1.810534442908973418e-01 1.647148549712067547e-02 7.029558803694849201e-02 7.513077482352716746e-03 1.974275292918787061e-01 3.671786834376791070e-02 4.923274996872697290e-02 2.717661475215093700e-02 2.369628400376602440e-01 1.017232588318197767e-01
1.632576744907744681e-01 1.176256499771687752e-01 8.783489013383104227e-02 7.959292134700469978e-02 -6.626147806842374796e-04 -1.353398179364722065e-01 2.830529890626117262e-01 1.435319375952469334e-01 9.357395351297667641e-02 2.202828178755680821e-01 1.735560413121113310e-01 2.155266655348545279e-01 -1.744743212656929207e-02 1.345992578427865072e-01 -6.694194657273355720e-02 1.540483065810489827e-01 1.000000000000000000e+00 -2.267876335671866958e-02 1.225356269284704341e-01 1.825279777702625561e-01 2.613887721923524587e-01 8.701153991441179514e-02 2.043452160687584118e-01 1.809647131435697994e-03 2.716317109895242665e-01 -7.590216973829276570e-02 3.734791579483468654e-02 2.979541885123455913e-03 1.862475114626883643e-01 1.301249034964908902e-02 3.277165689948768890e-01 5.840187684914299737e-02 2.402732050772609373e-01 4.086923490900259276e-02 3.297701337670681521e-01 3.041561508074927533e-01 -3.915355797780289276e-02 6.647905448538585227e-02 2.991021480860810433e-01 -3.161937360150773868e-02
1.575597136311887581e-01 1.165728597171469677e-01 4.421375424758394040e-02 2.153060336446073197e-01 -2.922318813087717085e-02 1.845537326496724251e-01 1.891772349977240419e-01 1.422352042018360241e-01 1.621768496498068313e-01 2.089051652441582807e-01 1.113377751379517888e-01 1.801458003523483398e-01 5.221731593350845829e-02 1.033176853941468187e-01 5.785893540316545264e-02 2.012461023266459981e-01 -2.267876335671866958e-02 1.000000000000000000e+00 1.792579568847965377e-01 6.156164177558300088e-02 6.131739001688310542e-02 9.720246044304070576e-02 -3.458647280479873465e-02 4.153613956934543334e-03 -3.292701882934058466e-02 2.730659997924865245e-01 1.356047766709320979e-01 -7.715250608869736633e-03 1.991785236597182485e-01 2.643627984161885380e-01 8.170430090199214124e-02 2.549779892782804910e-02 2.294302942073820628e-01 -1.462229291691610235e-02 1.643558590710529621e-01 5.525963630193766324e-02 7.293907788977494963e-03 8.570372397557270150e-02 2.835554213224070891e-02 1.958647478932796782e-01
1.352175527245980391e-01 1.394909043910947943e-01 8.811811171367504858e-02 7.227931579145110974e-02 5.508300318643239574e-02 6.131730718553692061e-02 2.285405310803097223e-01 6.825536056316494626e-02 2.868785003065912331e-01 2.317897550631531356e-01 2.445465059623789239e-01 2.308326988915304634e-01 2.943519094415805726e-02 1.441556734461892642e-01 1.570866093563313970e-02 1.753285895717697773e-01 1.225356269284704341e-01 1.792579568847965377e-01 1.000000000000000000e+00 2.171551341537516777e-01 1.778275985445161023e-01 1.653911240698454632e-01 8.306873997082114131e-03 -6.774355066691621630e-02 1.548647211434225623e-01 7.667199808644223347e-02 1.172631394089395651e-01 -4.101408288689611242e-03 3.905089807483943520e-01 1.044596916306844703e-01 2.684010577793568553e-01 9.687193656665379904e-02 2.290207759526123599e-01 5.136011229095811120e-02 1.093481009646709301e-01 9.941733513664960387e-02 -1.923554799004346255e-02 2.105716474736758076e-02 3.575741904737085308e-01 1.904725560006703677e-02
1.487660549722604197e-01 1.047879513244369537e-01 6.076783593348666218e-02 6.592575962740650219e-02 8.407560247754662652e-02 -1.329904921792203487e-01 4.779631171926838618e-01 7.852489023303874105e-02 8.223489028668491685e-02 1.574482151884122327e-01 2.823529456496497447e-01 1.269494203232525986e-01 1.388973491540582972e-01 1.958838470146180843e-01 4.294497919434450695e-02 2.125010729745177226e-02 1.825279777702625561e-01 6.156164177558300088e-02 2.171551341537516777e-01 1.000000000000000000e+00 1.588430133579163961e-01 1.884375313560696374e-01 8.588260178223589003e-02 1.308057046903694232e-01 2.488218568221034488e-01 -5.366640167583753424e-02 1.590619956935728496e-01 -6.668951234453097954e-02 2.162922518288882823e-01 -9.015617888761449927e-03 1.999224164129660142e-01 7.921473696463164627e-02 2.190569256616282379e-01 8.543747315844041346e-02 1.154272255394935831e-01 6.639277392828304980e-02 -4.749945877663564603e-02 -2.805340610702700480e-02 1.911929370998860511e-01 6.455379638297997769e-02
1.654474081837119526e-01 -4.654327502969674707e-02 2.077379371207634939e-01 -8.058285024960223919e-02 6.078187126263221579e-02 1.319885525258238379e-01 2.094012804354097868e-01 1.534208407570833432e-01 1.685017113314042914e-01 3.549465779356876793e-01 8.254439168197506838e-02 2.307704968268922130e-01 5.136188128598610791e-03 3.450309208825458329e-01 6.254567797279166064e-02 2.522307049046923488e-01 2.613887721923524587e-01 6.131739001688310542e-02 1.778275985445161023e-01 1.588430133579163961e-01 1.000000000000000000e+00 1.104196414877180593e-01 3.458368994895317239e-01 3.759367102554147522e-01 2.299857160683028978e-01 -4.969134894459041607e-02 8.098625116398251722e-02 3.836148701465862121e-02 3.993881879169978721e-01 2.613153331301290572e-02 3.334229074019665617e-01 8.004848780237552863e-02 9.896720614729292986e-02 -1.509977116999472284e-02 1.568378321687576293e-01 2.733412984334055232e-02 -3.600851034070962076e-02 1.269666162393109400e-02 3.943180623808642538e-01 1.546826096387100558e-01
8.192747888287782443e-02 1.879262919233788964e-01 -5.646810563078852319e-02 2.362616095222853929e-01 -8.976960694150951103e-02 -4.338674167680175997e-02 1.526704640820252257e-01 1.228896446736723073e-03 6.864385553840152143e-02 8.280626297598207841e-02 -4.246508879066795278e-02 -4.696699830045805019e-02 9.087428491458109103e-02 7.309097383713913931e-02 4.689305587479897230e-02 5.735708826927422149e-02 8.701153991441179514e-02 9.720246044304070576e-02 1.653911240698454632e-01 1.884375313560696374e-01 1.104196414877180593e-01 1.000000000000000000e+00 -7.852482809535163422e-02 -4.017027337084592975e-02 2.104190386375934425e-03 9.471757478333978075e-02 -2.370946500477580723e-02 8.380877098896328745e-03 1.190828583956945463e-01 8.862073807076099874e-02 5.559390475919796099e-02 4.236538399298839797e-01 3.400367763501955382e-02 2.004627133108787679e-02 -4.583063521586967781e-02 -7.591892499236790881e-02 4.883686460128525142e-02 7.918241285849714206e-02 1.105534413605974708e-01 7.023350932377637156e-03
1.587920606455577727e-02 -1.037053324348922029e-01 2.683032466983664710e-01 -1.841069023305412500e-02 2.762255085369494725e-02 6.392452857290256696e-02 1.703919890548276639e-01 9.671934865809056481e-02 1.794332720797163216e-01 2.326931768062638628e-01 2.054572137550133015e-01 2.851567238812539595e-01 6.419432563408800085e-02 8.356144377733298878e-02 3.579678243270845162e-02 1.629664057093595519e-01 2.043452160687584118e-01 -3.458647280479873465e-02 8.306873997082114131e-03 8.588260178223589003e-02 3.458368994895317239e-01 -7.852482809535163422e-02 1.000000000000000000e+00 1.467534588451358812e-01 2.444925391930443392e-01 -5.966497713839055000e-02 1.087989662665472257e-01 4.979272738176560020e-02 1.017488971685155397e-01 -7.320515155582576865e-03 2.051643536524662970e-01 9.245916460499447459e-03 3.123985616247215713e-02 1.828789251010269970e-02 1.357163847103023679e-01 8.764272483230156618e-02 -1.472209863057964002e-02 -8.012352504966548106e-03 1.270540099481794472e-01 6.960231751570945119e-03
1.307762530271902590e-01 -8.433676195559350330e-02 1.803280808067136698e-01 -1.421435559079013700e-01 6.305834820128330444e-03 9.040222473729950248e-02 1.168594583577662466e-01 -1.648796562314535849e-02 6.223932392917080891e-02 1.554200851424709096e-01 1.568179145729980267e-02 8.236499236182026618e-02 3.664315761336486149e-02 3.595473753240347459e-01 6.108236450259643679e-02 1.319986885554067513e-01 1.809647131435697994e-03 4.153613956934543334e-03 -6.774355066691621630e-02 1.308057046903694232e-01 3.759367102554147522e-01 -4.017027337084592975e-02 1.467534588451358812e-01 1.000000000000000000e+00 1.569718881536862343e-01 -4.793361201647306641e-02 2.003480370935344923e-01 5.560868503884849184e-02 2.042856044809916172e-01 -6.633549703253306673e-02 8.435830180900243114e-02 -3.938278596038084084e-02 -9.294074331346405260e-02 5.219234319536737721e-02 5.599730963230380859e-02 1.827485389319629490e-03 6.384202095491478546e-02 -1.715929503836214828e-02 1.582707004105484427e-01 1.240456820805516808e-01
1.254316761919151979e-01 9.926327110946285559e-03 1.952487400622227587e-01 1.981894934694552329e-02 4.623120693713092533e-02 3.168561564878550479e-02 3.158121551701178475e-01 4.660445810123852589e-02 1.551668799624111306e-01 2.168393297673501252e-01 1.775019854749602111e-01 2.367481013241857779e-01 4.829056425763595534e-02 1.659753849738652975e-01 9.856351183578230049e-03 1.494464365423859853e-01 2.716317109895242665e-01 -3.292701882934058466e-02 1.548647211434225623e-01 2.488218568221034488e-01 2.299857160683028978e-01 2.104190386375934425e-03 2.444925391930443392e-01 1.569718881536862343e-01 1.000000000000000000e+00 -4.826435121818736795e-02 1.363169051919178310e-01 6.274640677187511006e-02 2.313557327182889367e-01 3.969211460540528202e-02 5.165025306559404283e-01 4.392882097598538316e-02 1.500780197686686357e-01 -1.211537778409053044e-02 1.751007653182279356e-01 1.321558750915225178e-01 -6.524439224882463972e-02 -8.163570718118683123e-02 1.513076201101032081e-01 1.026645963483607642e-02
-4.910503005274901439e-02 -2.351652634501408962e-02 3.029627956104817554e-02 1.365553207201654073e-01 -2.164709374185913929e-02 1.251405840677925208e-01 8.997080735031146026e-02 9.523838004013504555e-02 1.597875213497297955e-02 1.316649996554835889e-01 -9.243486661216654757e-03 1.433815753293444795e-01 1.016952843111793431e-01 1.052435822008649796e-01 3.835334877056285896e-02 8.364200740367001841e-02 -7.590216973829276570e-02 2.730659997924865245e-01 7.667199808644223347e-02 -5.366640167583753424e-02 -4.969134894459041607e-02 9.471757478333978075e-02 -5.966497713839055000e-02 -4.793361201647306641e-02 -4.826435121818736795e-02 1.000000000000000000e+00 6.591120762660727939e-02 -1.237175240396941496e-02 1.200291509572252030e-01 3.648973228322939799e-01 -5.503624523834379882e-04 -6.222130935076070068e-02 6.040432756272926668e-02 -1.028690097613857435e-02 1.237329690757704298e-01 1.162945843199956614e-01 9.914890535719140044e-03 1.245026151239262413e-01 1.455852920929766488e-02 5.810382615295948266e-02
2.380193154119998877e-01 4.436699723868894885e-02 8.159364311388780933e-02 5.615321444868028034e-02 6.228227462812587628e-02 5.175892265564884659e-02 3.052817922841933873e-01 5.571824730654706403e-02 6.216588876246000039e-02 1.202028982813066055e-01 5.824977226870341890e-02 1.517140793084132966e-01 5.496000259741261329e-02 1.503880084164339048e-01 5.661158999915254231e-02 4.750194999740413315e-02 3.734791579483468654e-02 1.356047766709320979e-01 1.172631394089395651e-01 1.590619956935728496e-01 8.098625116398251722e-02 -2.370946500477580723e-02 1.087989662665472257e-01 2.003480370935344923e-01 1.363169051919178310e-01 6.591120762660727939e-02 1.000000000000000000e+00 -6.270698488565339124e-02 3.864023210001589770e-01 1.037115090618112717e-01 2.365908420204499985e-01 -6.664092439673045820e-02 3.536041782791404103e-02 3.583408565250906230e-02 2.543547652982521834e-01 4.214848360757419282e-02 -3.974867195439494433e-02 4.768762463724861983e-02 2.034138362661436494e-01 1.698035170275901395e-01
-9.496037620532690043e-03 -3.995146311465506278e-02 3.218297586950873146e-02 5.650934825152354596e-02 -1.033503527989257029e-02 8.798675154949467392e-02 -1.268605399996949532e-02 -2.792411709982387663e-02 2.538404676594683412e-02 -7.942232043597725888e-02 8.188097257173274079e-02 1.617605061556339971e-02 1.953344235464857248e-02 1.608183572630988642e-02 2.024201573152916572e-02 7.712342919325100576e-02 2.979541885123455913e-03 -7.715250608869736633e-03 -4.101408288689611242e-03 -6.668951234453097954e-02 3.836148701465862121e-02 8.380877098896328745e-03 4.979272738176560020e-02 5.560868503884849184e-02 6.274640677187511006e-02 -1.237175240396941496e-02 -6.270698488565339124e-02 1.000000000000000000e+00 -8.680115452291373157e-02 -8.197153528157155589e-02 2.003598235707300390e-02 3.042744135512288894e-02 -7.949813936271656056e-02 3.277035111607951023e-02 1.163256613731840500e-01 6.337479069155059486e-02 3.082544909279723300e-02 -3.746660955432404988e-02 -9.639024203192758460e-05 -7.262450405277562533e-03
1.340597707234951197e-01 9.070925190548867478e-02 1.129051526680726475e-01 3.209580768479902008e-02 1.853049782403134961e-03 5.128727592076839925e-02 2.985393470736143473e-01 8.113745216747149380e-02 1.769592438584645377e-01 4.389022754604922083e-01 9.414282295371161069e-02 1.970640225527965084e-01 1.298329768787639948e-02 3.649147538634426313e-01 -2.942092872644625628e-02 1.811610473287545153e-01 1.862475114626883643e-01 1.991785236597182485e-01 3.905089807483943520e-01 2.162922518288882823e-01 3.993881879169978721e-01 1.190828583956945463e-01 1.017488971685155397e-01 2.042856044809916172e-01 2.313557327182889367e-01 1.200291509572252030e-01 3.864023210001589770e-01 -8.680115452291373157e-02 1.000000000000000000e+00 7.264851701530632144e-02 3.663262510656677962e-01 -4.524291237771133761e-02 1.946920282918463696e-01 -1.041008363873319707e-02 1.388882404184466623e-01 -2.600703472486982047e-03 9.345178809396446559e-03 6.960489844817550897e-02 5.807484033909341425e-01 1.732362534253179820e-01
4.206433067997052133e-02 8.861402557560078830e-02 6.369903219552086604e-02 5.077222808641307372e-02 4.508773994418623608e-03 2.043066500377794803e-01 9.126411803930160882e-02 6.205327248439650861e-02 1.353998801362633064e-01 9.841440241956352086e-02 3.209854666800761314e-02 1.566276956447144597e-01 -1.403110851540628236e-02 4.042364106651324951e-02 -7.655431890349050084e-02 2.530356317242284381e-01 1.301249034964908902e-02 2.643627984161885380e-01 1.044596916306844703e-01 -9.015617888761449927e-03 2.613153331301290572e-02 8.862073807076099874e-02 -7.320515155582576865e-03 -6.633549703253306673e-02 3.969211460540528202e-02 3.648973228322939799e-01 1.037115090618112717e-01 -8.197153528157155589e-02 7.264851701530632144e-02 1.000000000000000000e+00 1.175820954399945523e-01 2.106753489254866232e-02 3.999473995238335688e-01 -7.840736851686691544e-02 9.915419344348977426e-02 1.178224027640766003e-01 -6.409796771786292757e-02 -3.800335985094339258e-02 5.317444095122451919e-02 7.844999614969307145e-02
1.815737564438319462e-01 1.826085325481704436e-01 1.364937256854120706e-01 3.572204843551473469e-02 -5.593341389226463845e-02 -4.540718587244590293e-02 2.571031408798317153e-01 3.371150647209925078e-02 2.573419017017544719e-01 2.899543226582491640e-01 1.290752777053488509e-01 3.083157192350267639e-01 6.971158293280922680e-02 1.326919404480601805e-01 6.310905756013708567e-02 1.810534442908973418e-01 3.277165689948768890e-01 8.170430090199214124e-02 2.684010577793568553e-01 1.999224164129660142e-01 3.334229074019665617e-01 5.559390475919796099e-02 2.051643536524662970e-01 8.435830180900243114e-02 5.165025306559404283e-01 -5.503624523834379882e-04 2.365908420204499985e-01 2.003598235707300390e-02 3.663262510656677962e-01 1.175820954399945523e-01 1.000000000000000000e+00 -4.113944218919864115e-02 1.687329241750359365e-01 6.146497614229286949e-02 1.913314990507434810e-01 1.079078799827739993e-01 -8.275708731419791075e-02 -1.341984191079775846e-01 3.356136255806526081e-01 -3.748810396008740720e-02
1.177946730536375552e-01 -3.003121100407443039e-02 6.632534307105540650e-02 2.827379363797173292e-02 -5.440986489987145562e-03 -4.746805158383935949e-03 1.725652638774638759e-01 1.989456404190553529e-01 7.001188447719527974e-02 3.026888743647205074e-02 -4.920952807811045104e-02 4.605719300199888344e-02 -1.367034627175150183e-03 4.171637042058643635e-03 -3.118176928537407661e-02 1.647148549712067547e-02 5.840187684914299737e-02 2.549779892782804910e-02 9.687193656665379904e-02 7.921473696463164627e-02 8.004848780237552863e-02 4.236538399298839797e-01 9.245916460499447459e-03 -3.938278596038084084e-02 4.392882097598538316e-02 -6.222130935076070068e-02 -6.664092439673045820e-02 3.042744135512288894e-02 -4.524291237771133761e-02 2.106753489254866232e-02 -4.113944218919864115e-02 1.000000000000000000e+00 -5.028644712608450890e-02 -6.683979651010099610e-02 5.830919476055090866e-02 6.032833562259411891e-02 3.024051932132374235e-02 -3.308991767768196951e-03 2.401403111018526881e-02 3.799663358562915122e-02
1.384288534065777621e-01 2.573425421789703460e-01 8.213222705153645775e-02 9.387276792814232274e-02 -1.581616473256939118e-02 -6.588019391410258885e-02 2.012204567101914809e-01 1.719672753183892205e-02 1.074811584613154097e-01 2.246043188114319189e-01 1.297216214345869867e-01 2.383043869364547263e-01 2.828689542287498096e-02 1.207799229161939381e-01 -9.112652978096008605e-02 7.029558803694849201e-02 2.402732050772609373e-01 2.294302942073820628e-01 2.290207759526123599e-01 2.190569256616282379e-01 9.896720614729292986e-02 3.400367763501955382e-02 3.123985616247215713e-02 -9.294074331346405260e-02 1.500780197686686357e-01 6.040432756272926668e-02 3.536041782791404103e-02 -7.949813936271656056e-02 1.946920282918463696e-01 3.999473995238335688e-01 1.687329241750359365e-01 -5.028644712608450890e-02 1.000000000000000000e+00 4.499216184654491330e-02 1.692761637519478723e-01 1.083280622385351943e-01 -6.091665361938896489e-02 -1.866899964863811406e-02 1.722888046902379955e-01 3.855296367118882239e-02
-4.493147643267079300e-02 1.990740046684565112e-01 8.187244660526242501e-02 1.733765244684841722e-01 1.336123741716352398e-01 -3.490275195278429166e-02 -5.397099100815389017e-02 -4.692650911563975985e-02 -1.425662959824725018e-02 2.265930767624281528e-02 5.542034171216939087e-02 1.000278169032906006e-01 1.047355056892172454e-01 1.661028796731969237e-01 1.516250388110974290e-01 7.513077482352716746e-03 4.086923490900259276e-02 -1.462229291691610235e-02 5.136011229095811120e-02 8.543747315844041346e-02 -1.509977116999472284e-02 2.004627133108787679e-02 1.828789251010269970e-02 5.219234319536737721e-02 -1.211537778409053044e-02 -1.028690097613857435e-02 3.583408565250906230e-02 3.277035111607951023e-02 -1.041008363873319707e-02 -7.840736851686691544e-02 6.146497614229286949e-02 -6.683979651010099610e-02 4.499216184654491330e-02 1.000000000000000000e+00 -3.081767373080229050e-02 7.903952915475935537e-02 2.965174666004693690e-02 7.428763840074086022e-02 7.083614221322272198e-02 1.484807954030394062e-02
3.042433438261069600e-01 5.649151061134919868e-03 1.726193889765687550e-01 1.222329307276254634e-01 -6.717145218541498153e-02 2.069268065674663079e-02 3.843505909867183656e-01 1.960529833340896588e-01 1.867770290722032406e-02 2.184048666311683429e-01 1.495350255982574317e-01 3.001827682213116799e-01 -1.412611115428352715e-02 2.577547060146775926e-01 -4.179193949396967783e-02 1.974275292918787061e-01 3.297701337670681521e-01 1.643558590710529621e-01 1.093481009646709301e-01 1.154272255394935831e-01 1.568378321687576293e-01 -4.583063521586967781e-02 1.357163847103023679e-01 5.599730963230380859e-02 1.751007653182279356e-01 1.237329690757704298e-01 2.543547652982521834e-01 1.163256613731840500e-01 1.388882404184466623e-01 9.915419344348977426e-02 1.913314990507434810e-01 5.830919476055090866e-02 1.692761637519478723e-01 -3.081767373080229050e-02 1.000000000000000000e+00 2.721645269289679203e-01 -4.594537402475613180e-02 4.967582961294911975e-02 1.873043566351988709e-01 1.395417164245015829e-01
1.888857750832159677e-01 -4.617882106500613426e-02 1.534706693011161638e-01 4.164633094364089683e-02 -7.779157548967643998e-02 1.199331230534206316e-01 2.086330508695419528e-01 1.195558352346530184e-01 6.212788524698902720e-02 2.678910071759203412e-02 3.249542062481088067e-02 2.734378182368262244e-01 3.748198500080351936e-02 2.040808335515769123e-01 -4.685204965069958427e-02 3.671786834376791070e-02 3.041561508074927533e-01 5.525963630193766324e-02 9.941733513664960387e-02 6.639277392828304980e-02 2.733412984334055232e-02 -7.591892499236790881e-02 8.764272483230156618e-02 1.827485389319629490e-03 1.321558750915225178e-01 1.162945843199956614e-01 4.214848360757419282e-02 6.337479069155059486e-02 -2.600703472486982047e-03 1.178224027640766003e-01 1.079078799827739993e-01 6.032833562259411891e-02 1.083280622385351943e-01 7.903952915475935537e-02 2.721645269289679203e-01 1.000000000000000000e+00 -3.539093273468117695e-02 -8.994544422964566299e-02 1.508985122345677388e-01 1.074993247073629914e-02
-5.628307994611578269e-02 -4.519398519368825889e-02 -1.039730440335854579e-02 2.491589133150652613e-02 4.527408777108235527e-02 1.173349013023470000e-01 -1.038782819374572675e-01 -1.496504278208672829e-02 7.820448208631287923e-02 2.477655508940162371e-02 1.264836051569973420e-03 -4.961060487380317824e-02 2.688494268436144100e-02 -7.329325207135459208e-02 1.014012224181939509e-01 4.923274996872697290e-02 -3.915355797780289276e-02 7.293907788977494963e-03 -1.923554799004346255e-02 -4.749945877663564603e-02 -3.600851034070962076e-02 4.883686460128525142e-02 -1.472209863057964002e-02 6.384202095491478546e-02 -6.524439224882463972e-02 9.914890535719140044e-03 -3.974867195439494433e-02 3.082544909279723300e-02 9.345178809396446559e-03 -6.409796771786292757e-02 -8.275708731419791075e-02 3.024051932132374235e-02 -6.091665361938896489e-02 2.965174666004693690e-02 -4.594537402475613180e-02 -3.539093273468117695e-02 1.000000000000000000e+00 1.316084633609277965e-01 4.733105636427963059e-02 8.906990704255010258e-03
-1.177940535520549843e-02 2.200694051380767263e-02 -7.484288142458338233e-02 9.469231226989786171e-03 -1.939054795472101161e-02 -1.182360597942043734e-01 1.898596793619100956e-02 -1.298378746341071442e-02 6.549822262601016735e-03 1.758673370699437299e-02 -3.870050784735592359e-02 -2.472460275954778408e-02 6.901424987522677967e-02 -1.100911977607015035e-02 1.486892873743426158e-01 2.717661475215093700e-02 6.647905448538585227e-02 8.570372397557270150e-02 2.105716474736758076e-02 -2.805340610702700480e-02 1.269666162393109400e-02 7.918241285849714206e-02 -8.012352504966548106e-03 -1.715929503836214828e-02 -8.163570718118683123e-02 1.245026151239262413e-01 4.768762463724861983e-02 -3.746660955432404988e-02 6.960489844817550897e-02 -3.800335985094339258e-02 -1.341984191079775846e-01 -3.308991767768196951e-03 -1.866899964863811406e-02 7.428763840074086022e-02 4.967582961294911975e-02 -8.994544422964566299e-02 1.316084633609277965e-01 1.000000000000000000e+00 4.122265682120995756e-02 1.199907164770328966e-01
1.432058221909300322e-01 4.183694703045092583e-02 1.745361649923443947e-01 -2.107103288646132097e-02 1.472913250059923115e-02 -2.780333181156763311e-02 1.789423439349980272e-01 7.447300668341901020e-02 1.400064117467318403e-01 3.136146506138798307e-01 2.083041770429490680e-01 2.062617094965428777e-01 7.053907792750530037e-03 2.892405512373321108e-01 3.143781773403755541e-03 2.369628400376602440e-01 2.991021480860810433e-01 2.835554213224070891e-02 3.575741904737085308e-01 1.911929370998860511e-01 3.943180623808642538e-01 1.105534413605974708e-01 1.270540099481794472e-01 1.582707004105484427e-01 1.513076201101032081e-01 1.455852920929766488e-02 2.034138362661436494e-01 -9.639024203192758460e-05 5.807484033909341425e-01 5.317444095122451919e-02 3.356136255806526081e-01 2.401403111018526881e-02 1.722888046902379955e-01 7.083614221322272198e-02 1.873043566351988709e-01 1.508985122345677388e-01 4.733105636427963059e-02 4.122265682120995756e-02 1.000000000000000000e+00 4.157476079290036569e-02
